2 rbox s 1000 D2
1000
0.2950190262910876 -0.4036877185724859 
0.376931121419991 0.3285162548566936 
-0.4718199918928512 -0.1654868431333131 
0.4066134213661184 0.2909734104088197 
0.4998216071793704 -0.0133551861324082 
0.4934463631447235 0.08068882635932746 
-0.4980766968353235 0.04381328645072396 
-0.4977695271039261 -0.04717518295389737 
-0.3725157281194719 -0.333514665799901 
0.4973880962388001 0.05104000117498141 
-0.469227617436044 0.1727004430662921 
-0.4491370994920764 -0.219717695827725 
-0.4962855721369248 0.06083281095531573 
-0.4311473388100782 0.253203420666048 
-0.4964629675956482 -0.05936768317967524 
-0.2493905264434856 -0.433364010181096 
-0.2849760729754054 0.410838943908092 
-0.4995488880557051 -0.02123460483052704 
0.01929240063405521 0.4996276646441579 
0.01041154112142724 -0.4998915880583277 
0.170666888471816 -0.4699710769604324 
0.4209821901381098 -0.2697665575762133 
0.3726019261488482 0.3334183627669123 
-0.3891453821703658 0.3139520210724562 
-0.4988600655398129 0.03374366621476581 
-0.1036146437191156 0.489146200646556 
-0.478322834180072 0.1456271482311702 
0.163317247059924 0.4725753662779809 
0.4237801866072382 0.2653494930071177 
-0.4276912841212112 0.2589983889655481 
0.3070887027852369 -0.3945839943810194 
0.09017155103727961 0.4918018822488699 
-0.1236695748318603 0.4844644840036336 
-0.1815202731012653 0.4658866712551906 
-0.2238836783229125 -0.4470750480407094 
0.0757948209607828 0.4942217570236289 
0.09118106109683304 -0.4916157179111095 
-0.3671244669409767 -0.3394401652328488 
-0.3877190877795212 0.3157117498152642 
0.3694942147968049 -0.3368590584082496 
-0.4661785186124691 0.1807694354261357 
0.2946268257902253 0.4039740505586666 
-0.2242982487848969 -0.44686720129366 
-0.2916632824238786 -0.4061188615242204 
0.4391203474510217 -0.2391094319647261 
-0.482206797926047 -0.1321991075382448 
0.3980796485223977 -0.3025435397298782 
0.1441175193008809 0.4787798456812487 
0.1821575230622696 -0.4656378816116862 
0.4116739017482839 0.2837685652417199 
0.2474901124645937 0.4344521196084359 
-0.2302141548713187 -0.4438484458651224 
0.321281051813431 -0.3831168043112381 
-0.3990026875234193 -0.3013251654759168 
-0.3250114921911201 -0.3799572738397062 
0.4997481834739111 0.01586672979936404 
0.4259099872859932 0.2619173204086457 
-0.463480950654986 0.1875777395640283 
0.3988578446669631 -0.3015168647814327 
-0.3479841567165025 -0.3590362470201367 
-0.3395514183071927 -0.3670215720166511 
-0.4909315459077014 0.09479566041056159 
0.05278940819380151 0.4972054689789204 
-0.4964880529509172 0.05915752933488051 
0.1733309619452685 -0.468995072075526 
-0.03650624152075768 -0.4986655134757447 
0.3919043567308361 0.3105011677520547 
0.346329329517772 -0.3606327709953305 
0.2296655638489205 0.4441325576693938 
0.1959064357978921 -0.460022465117701 
0.4989558096550256 0.03229705886761037 
0.1526676082085539 -0.4761224647124723 
0.06736505895319418 0.495441165863549 
-0.222486353242536 -0.4477720654762168 
0.1906545842883723 0.4622237872392851 
0.4899126221849056 -0.09992808726234105 
0.4921258293161068 0.08838647023121886 
-0.03851029740990042 -0.4985147510288949 
0.4156572745917184 -0.2779011156490468 
0.4151783531061499 0.2786161070578388 
0.02049570462496614 0.4995797494814277 
-0.4300728778790933 0.2550241551555352 
0.2220275520384082 -0.4479997389908079 
0.3145539082182647 0.3886590264288422 
-0.4998653295581247 -0.01160397801391204 
-0.1039230347766658 -0.4890807733317759 
-0.3613920664239787 0.3455369362684785 
-0.3249914162175027 -0.3799744456998944 
0.4513373187012792 0.215161857092608 
-0.4937839125835921 0.07859674085888972 
-0.4249495449600195 -0.2634727390799138 
0.07101786294923128 -0.4949307660088674 
-0.1626918560854375 0.4727910320252229 
-0.04039820257228766 -0.4983653130274301 
-0.3783962614108268 -0.3268275835212034 
-0.02272240687948424 0.4994834253762612 
-0.4991587600270647 0.02899193488270942 
0.4282913446181623 0.2580048916690661 
0.4776499064309205 -0.1478193725008089 
0.4424737998858787 -0.2328453057601793 
-0.3883553265482066 0.3149287861432101 
-0.201667907908179 -0.4575260155662607 
0.1873824338850681 0.4635599459307373 
-0.4094505908178623 -0.2869672693512338 
-0.3961701571915385 0.3050396802890268 
0.07665139907715271 -0.4940896305525092 
-0.3709612479387208 -0.3352428262136968 
-0.4614827397589528 0.1924413700444128 
-0.2227798505450646 0.4476261142863748 
0.1450052924971939 -0.4785117189242111 
0.4336362110753399 0.2489169267933046 
-0.01272183568417823 -0.4998381286945052 
-0.4881466880802788 -0.1082257405438051 
-0.4523175091877668 0.2130935730663281 
-0.4879462341857841 0.1091259480779523 
-0.3374418618875858 0.3689620439094509 
-0.4910717817232667 0.0940664934774141 
-0.2717487369236346 -0.4197054014191493 
-0.1052722633832133 0.488792134308824 
-0.2225063523693006 0.447762127870713 
-0.4634029284919328 0.1877704073199518 
-0.4567646800010248 0.2033863985215369 
-0.001807798241050123 0.4999967318548388 
-0.2836626288549824 -0.411746904045532 
0.2518445856813976 0.431942478419251 
0.23429958558676 -0.4417054495858892 
0.4061515836300606 -0.2916177139934985 
-0.421277960167226 -0.2693044379087376 
-0.07392936915960212 0.4945042450532283 
-0.4991101854466325 0.02981648509512802 
0.2153098741798361 -0.451266726095181 
0.4200616688379331 -0.271197703480488 
-0.4825099843906222 -0.1310881953623648 
0.2910134702126042 -0.4065847515030756 
0.2329973619052932 0.4423937492157566 
0.3002149144013351 -0.3998387239512939 
-0.3031121170276657 0.3976468841962762 
0.3518729558944325 0.3552258759016786 
0.4336368005356985 0.2489158998962558 
-0.07560384953688717 -0.4942510070148605 
-0.2952094473497602 -0.4035484880351421 
0.008624661828202578 -0.4999256096744287 
0.146100759904677 -0.4781783850774478 
0.1043253000171036 0.4889951244913811 
0.4680699863323358 0.1758137875561726 
0.3518370226546533 -0.3552614663730208 
0.239089685179506 0.4391310993778108 
-0.4423483790097159 -0.2330834863036779 
0.4790964143960844 -0.1430616150922929 
0.1477007538298577 -0.4776865994751076 
-0.4223953796270093 -0.2675483942574778 
-0.3850279795224195 -0.3189881737382804 
0.3370440243659033 0.3693255009327631 
-0.4770841895543336 -0.1496351431893079 
0.3586199577889828 -0.3484131539931123 
0.02087779245635772 0.4995639276230314 
0.3652406069574408 0.3414663951684855 
0.4072061049745104 0.2901433922588761 
-0.324502542489496 0.3803920345089429 
-0.241823575590453 -0.4376315325575255 
-0.3164519504892235 0.387115180574937 
0.213045027663262 0.4523403764732483 
0.2776843514390429 -0.4158021175581939 
-0.4814164748476411 -0.1350487976446684 
0.4997683938073052 -0.01521685089847087 
0.2751051130531895 -0.4175130857494072 
-0.3294263774449211 -0.3761359619120676 
-0.2840625462359798 0.4114711044847886 
-0.4259708746275597 0.2618182842527081 
-0.465433210536767 0.1826798470807261 
-0.4982802636528701 0.04143403014463127 
0.3218298085584659 0.3826559477170337 
-0.3527924282582136 -0.3543127186027525 
0.3307552711809591 -0.3749679327436017 
-0.3191483329140719 -0.3848952345745121 
-0.3365673950221843 -0.3697599067070158 
-0.1286597562705264 0.4831631889086841 
-0.32725917696691 0.3780230562954338 
-0.4294836744075664 0.2560151820056294 
-0.2179148661853452 -0.4500145676480075 
-0.2573218152356626 0.428702091671855 
0.4879623069944211 0.1090540551867853 
0.1376639572290214 0.4806751864617584 
0.4990939551939451 -0.03008693884170166 
0.1562963545720253 0.4749436277575433 
0.01854260214494793 0.4996560536065727 
0.4989365957081598 -0.03259253692415361 
0.2171397779166305 0.4503890727430189 
-0.09423491881112396 0.4910394893251059 
-0.1649263129375196 -0.4720162193196705 
0.4073948511578824 0.2898783111066554 
-0.1181301457755805 -0.4858449018555615 
0.3508549259346418 -0.3562314148799864 
0.0164092739059314 -0.4997306631875616 
0.4999760333680607 0.004895514022024944 
-0.2485876810358039 0.4338250394309224 
0.2425248453287178 0.4372432954297659 
0.3436784319209559 0.3631599309289956 
0.3169823597335705 -0.3866809842980868 
-0.164564008369019 0.4721426555073386 
-0.04290380816412713 -0.4981558624015337 
-0.1204804592754798 0.4852674097163022 
-0.02981176418998968 0.4991104674477189 
0.2656378940043637 0.4235994679752638 
-0.3830447160563082 0.3213669950404712 
-0.4513286370399351 0.2151800673567943 
-0.07889622942091006 0.4937361491557642 
-0.2433415450409776 -0.4367892998426929 
0.3589526284891579 -0.3480704102631026 
-0.2968652630044052 0.4023319719104178 
0.3659148064666687 -0.3407438251949114 
0.104240038966206 -0.4890133068499505 
0.4228246830397855 -0.2668694201520753 
0.4147630075739198 0.2792340372308444 
0.4829726987274321 -0.129372996734021 
0.3433322558774055 -0.3634872240865308 
-0.02743876945014761 -0.4992465462384909 
0.4872003540833398 -0.11240914100316 
-0.4042307689620098 0.294274506922333 
0.4525966901366208 0.2124999672408814 
0.1124315067017343 -0.4871951932242126 
-0.1584169517703861 0.4742405185048819 
-0.4477407810119102 0.222549304691892 
0.4961455031492164 -0.0619648263518174 
0.05357224529709226 -0.497121730096189 
0.3745211243957442 0.3312611166154994 
-0.4861476349374444 0.1168780434672367 
-0.2272745363359947 -0.4453608482267594 
-0.4958101331612451 0.06459343507376289 
-0.465888500103848 0.1815155791412592 
-0.2591291374119861 -0.427612079043752 
0.1564056079366178 0.4749076602940587 
-0.03908271009230208 -0.4984702014883549 
0.006089119243277105 -0.4999629212520077 
0.1613951913261 0.4732352398298457 
-0.4084961124514835 0.2883243418652419 
-0.4985476673780829 -0.03808179817015522 
0.4344937019160627 0.2474171032796148 
0.3548493821403597 0.3522526309264488 
-0.1844304841003841 0.4647422904519213 
-0.1170958738830758 0.4860952132242806 
-0.4980874716030514 -0.04369062407518822 
-0.4199928838738817 -0.2713042157713368 
-0.4761673911500944 -0.1525274257480044 
-0.17075072853824 -0.469940622529762 
0.3485998228264687 0.3584385073138133 
0.4986375921763446 -0.03688565667813846 
-0.4857512201161206 0.1185147761070331 
-0.341776172865573 0.3649507468979368 
0.3623036155471836 0.3445810356961605 
-0.4445626424936522 -0.2288319402947527 
0.08722761906814872 0.4923325527239713 
0.1505006050902083 -0.4768118789076894 
0.06490914211861366 0.495768901071281 
0.3632469398534294 -0.3435864675552853 
-0.4956837900286987 -0.06555593262844278 
0.07156618742901204 0.4948517766128313 
0.1569283310351841 0.4747351882033938 
0.09936885414433408 -0.4900263572768734 
0.4741020592848208 0.1588308451840898 
-0.001683835519565684 -0.499997164689904 
0.04210443453018762 0.4982240626393843 
0.334024106236289 -0.3720589959308178 
0.3689560168605308 0.3374484518002887 
0.23753728569493 -0.4399727695036195 
-0.3708944353819896 0.3353167425027793 
0.3252982317452968 -0.3797118123305925 
-0.402490144156926 0.2966507776098639 
-0.2126776757203599 0.4525132111333164 
-0.4155673011567155 0.2780356419765706 
-0.2940077032981849 -0.4044248637278951 
0.4027513221898397 -0.2962960891985176 
-0.0874770507994562 -0.4922882951923896 
0.3984582455286486 0.3020447426627901 
0.337512000029406 -0.3688978853777157 
0.03111248708437126 0.4990310743304717 
0.2976451748589882 0.4017553358490244 
-0.4957763278684019 0.06485239182422554 
0.2204561538105135 -0.4487750931670287 
0.4953844496764155 -0.06778087502234638 
-0.2783023019020648 0.4153887682111927 
-0.1405356023592216 -0.4798434582960685 
0.2058399191834452 0.4556642707855781 
-0.4977808444138052 0.04705561533631371 
0.3543415527700688 0.3527634674686377 
0.09897032736560406 -0.4901070029097168 
-0.1148981454365489 0.4866193750512218 
0.3240737211890592 0.3807574335908309 
-0.1728994763167818 0.4691543147935257 
-0.436824020354782 -0.243279212513287 
0.3904935341687725 0.3122735976229526 
0.4700187652874225 -0.1705355103129167 
0.4740022438408352 -0.1591284790157104 
-0.08661480228788027 -0.4924407335148377 
0.3083821202987583 -0.3935739674826603 
-0.3457346493647221 0.3612029238927235 
0.1629332983132351 0.4727078805147745 
-0.4462352686605583 -0.2255528430400276 
0.4289685851884394 0.2568773110288811 
0.1283225514856172 0.4832528559462645 
-0.1009057150004594 -0.4897121978062687 
-0.3552447729848129 0.351853877720523 
0.4286133219155296 0.2574696492337195 
-0.3651077848964326 -0.3416084094515536 
-0.1707499874582179 0.4699408917970626 
-0.4437911664846146 -0.2303245548139084 
0.4746377484661719 0.1572227964735488 
-0.3401243439501924 0.3664906965428334 
-0.3608498749339848 -0.346103117235496 
-0.1736495053524361 -0.4688772219791171 
0.287294375332385 -0.4092211405858386 
-0.07096204377821144 -0.4949387723171617 
0.4495149922502568 0.2189435355114454 
-0.4275716206491394 -0.2591958896577422 
-0.4081299137173126 -0.2888424718234819 
0.1052962861984163 0.4887869598432646 
-0.4080723080980582 0.2889238504580809 
-0.189969474900598 -0.4625057822406019 
-0.2977135275446218 0.4017046869491788 
0.2024594593045624 0.4571762978743587 
-0.4903541365702361 -0.09773853256755122 
-0.1270829458439338 0.4835803189498387 
0.2548995618884528 0.4301467346721056 
-0.4503074543461052 -0.217308988678173 
0.4205804572229605 0.2703924536708182 
0.4032136113473584 -0.2956666765535498 
-0.3980524774258045 -0.3025792874854117 
-0.2885353266781914 0.4083471136897008 
-0.295788062968163 -0.403124573557036 
-0.0837446490443732 0.4929369470393092 
-0.2988512019693741 0.4008590264437865 
-0.3704390493624844 0.3358197592569843 
0.2899509606757261 -0.4073431482217708 
0.09997311268078098 -0.489903436139119 
-0.4076752903453773 0.2894837778560524 
-0.2758465311200282 0.4170236099659675 
-0.3977837421317612 0.3029324916473183 
0.4629549683412847 0.1888721718203085 
0.4265451610755559 -0.26088163132545 
-0.1696632491509547 0.470334329905378 
-0.2484493410647433 0.433904280832184 
0.4362688615332821 0.2442733723852313 
0.4937071411449735 -0.0790775491682512 
0.2365923636431764 0.4404816153549828 
-0.4514312732127985 0.2149646612014906 
0.1025188729588944 -0.4893770332649848 
-0.1343531343261293 0.4816110830293931 
-0.0819467098325708 0.4932390259778888 
-0.3380927253839465 0.3683657272907666 
0.2483790937205651 0.4339444962233658 
0.4431223302493928 -0.2316087227078204 
0.3735409624541552 -0.332365987081746 
-0.2538729077434416 0.4307534639604075 
-0.3533410598635255 -0.3537655938817687 
-0.2584782807308633 0.4280058158371413 
-0.2645449875060978 -0.4242828650622114 
0.3671518190021072 0.3394105799815968 
0.3883816314761185 -0.3148963453772503 
0.3575833793671642 -0.3494769331448912 
0.334922545831081 0.3712504387795757 
-0.2466446673028078 0.4349326477640962 
-0.4997519138528867 0.01574879679140401 
0.2681039915518491 -0.4220429477126303 
0.04663275287709277 -0.4978206367348625 
0.009309571795633726 -0.4999133243603154 
-0.3256663278135662 0.3793961556584711 
0.2215573607439721 0.4482324574371712 
0.4446435321607957 0.2286747238056087 
-0.4334275970438307 -0.2492799994400087 
-0.4587273558410854 -0.198920117140138 
0.4999836121116855 -0.004048162515471105 
0.2968157440917905 0.4023685053023369 
-0.4969257306681418 0.05536080021037867 
-0.02288500648127037 -0.499476001904348 
0.4144834329988777 0.2796488579799047 
0.2488152754496161 -0.4336945453921823 
-0.2058406038513412 0.4556639614958761 
-0.3551369079957969 0.3519627488516147 
-0.07828852244189401 0.4938328738084019 
0.4748153433775073 0.1566856397162799 
0.3608857181403565 0.3460657429482426 
-0.4997627417794435 0.01540136127403262 
-0.1418985568302266 0.4794421754179528 
-0.2806574496338861 0.4138011551035143 
-0.1833620070676098 0.4651648894361416 
-0.1402576889020039 -0.4799247656704837 
0.2200613635564193 -0.4489688143620773 
-0.4130385469793715 0.2817785632534339 
0.4953183686255336 0.06826209564714539 
0.3373577863640108 0.369038919329079 
0.4738601069857517 -0.1595512425757064 
-0.3027369796749552 0.3979325585288113 
-0.4325546236216474 -0.2507917414579972 
-0.2287322620901614 0.4446139362178357 
0.4328838223712363 0.2502230931174575 
0.2234919781807528 0.4472709868623874 
-0.335487311649233 0.3707401566088714 
-0.1752453100562359 -0.4682831208823288 
-0.408768954102836 0.2879373927812669 
0.3282833085417218 0.3771340203865208 
-0.01290626181958072 0.4998334006505012 
0.2247680216276153 0.4466310966039063 
0.254779695507541 0.4302177434242859 
-0.3082338914959056 0.3936900660840837 
-0.3058644578944311 -0.3955337323123602 
-0.3756410849682325 0.3299905684771751 
-0.007981242660916864 -0.4999362957073507 
0.3756411223234413 0.3299905259542847 
0.4904199134928187 -0.09740794859607824 
0.2469819289198487 0.4347412181827608 
-0.4936025069451052 -0.07972806994721141 
0.4972674227055663 -0.05220258916723931 
-0.399412741757638 0.3007814185112611 
0.2176908758310717 0.4501229638442156 
0.2992958838458762 0.4005271200716822 
0.2854565315955061 -0.4105052600996287 
-0.3554089029967795 -0.3516880886106691 
0.4419295925677928 -0.2338765383976441 
-0.2623715971447004 -0.4256302914640111 
-0.3853507719058798 -0.3185981522098685 
0.4060277314617143 -0.2917901322595643 
-0.2149198341274617 -0.4514526164489739 
-0.298031695119174 -0.4014686895691763 
0.1650715843356164 -0.4719654352226754 
0.3942256537361834 -0.3075485879276295 
0.4852536012797645 0.1205360628402109 
-0.4957756205635057 0.06485779872051557 
-0.3360964801568906 -0.3701880009213546 
-0.2587834925081262 -0.4278213458972058 
-0.03687214485666226 0.4986385915005669 
0.4837082249629533 0.1265952333351809 
-0.282292701740214 -0.4126873278212097 
-0.4991263584145814 -0.02954451447898289 
0.4360755974315711 0.2446182195272835 
0.4993210593483139 0.02604764272016966 
0.4977134574121025 -0.04776310616879114 
0.3857469037995447 -0.3181184153881457 
0.4192579873015473 0.2724385069769977 
0.1060808300991627 0.4886172914311083 
-0.3909774245430857 -0.3116675368042937 
0.3346155653415858 0.3715271503283857 
0.0327776977488153 0.4989244657563781 
-0.2868649793755583 0.4095222626523015 
0.3519067808471716 -0.3551923670263493 
-0.4728104598896512 -0.1626353867365172 
-0.2644000848923017 0.4243731790640681 
-0.4847128530169129 -0.122692502298244 
-0.3885065776852452 -0.3147421787674771 
0.2074526343880222 -0.4549323075859414 
-0.4723594346660097 -0.163940734663499 
-0.3861899069387963 -0.3175804713432548 
0.4958885995691812 -0.06398825530764389 
-0.379848804412609 0.3251382564176531 
-0.1843472984071888 -0.464775293631203 
-0.2086336672619268 0.454391893506959 
0.4668417855876952 -0.179049566403531 
0.4792246862358951 0.1426313433369673 
0.3678210492702778 -0.3386852162609284 
-0.4729034349251917 -0.1623648399006231 
0.1746925091847427 -0.4684896234013498 
0.2899750500695367 -0.4073260000750868 
0.4607095900685954 -0.1942850318959925 
0.4299033662530978 0.2553098033453765 
0.4996660333261575 -0.018271703262238 
0.4997594166581726 -0.01550888330870459 
-0.32884156676257 -0.3766473469561921 
-0.3005293760765388 -0.3996024200565435 
-0.4999720403073713 0.005287618640209794 
-0.2497709159365079 -0.4331448828651192 
-0.244493480277287 -0.4361455469243035 
0.4821600890711157 -0.1323693639288708 
0.4049866470872489 0.2932333809119079 
0.2699285868946589 0.4208783173044824 
0.09438082950374398 0.4910114652655121 
-0.3666008240642799 -0.3400056408287822 
-0.3104917485986269 -0.3919118192299986 
-0.4483135275927437 -0.2213932722043518 
0.02700391786881343 0.4992702558932731 
0.4877826895711094 -0.1098546665134197 
-0.1369254800569305 0.4808860706146302 
-0.3850630427854375 -0.3189458466273239 
0.1926520824995921 -0.4613948147829258 
-0.437281055430453 -0.2424567560651365 
0.2040959126381306 -0.4564480895396634 
0.3334700649788555 -0.3725556545846511 
-0.4530007391073688 0.2116372612943608 
-0.1878926032203436 0.4633533960759136 
0.408414569472411 0.2884398367817198 
-0.4032390995758725 0.2956319139965096 
0.3412955328091801 0.3654002726935188 
0.4999158800301759 0.009171308175760392 
0.4839612356396337 0.1256245294445274 
-0.4151605184575536 0.2786426814292013 
0.3197465994692683 0.3843983768538042 
0.1818307961976213 -0.4657655650154262 
-0.1646887355051237 0.4720991637333447 
0.3453477452404995 0.3615728624458742 
0.3154869215025666 0.3879020525349582 
-0.4867369753666897 -0.1143989371055802 
0.2419550541580947 0.4375588552039067 
0.2277433771684302 0.445121280277542 
0.4544634166823423 0.2084778235146646 
-0.4998458869796805 0.01241326989541632 
0.468916831336731 0.1735425172374762 
-0.3855541838795322 -0.3183519613462243 
0.4839569426011157 -0.1256410669653055 
0.03510533555539912 0.4987660928887838 
-0.2007857960597066 0.4579138173288396 
0.4595044121152272 0.19711848022608 
0.4007454495027336 0.299003486104848 
-0.4532386423567798 0.2111272911647925 
0.4781824888881168 -0.1460873277213537 
0.2493262791070932 0.4334009766332003 
0.3616750537921818 0.3452407210402945 
-0.1796571514682135 -0.466608302461848 
0.3795136907867171 0.3255293512195852 
-0.1792682499335507 0.4667578543160918 
0.3535023845949715 -0.3536043892341679 
-0.4944566964790973 0.07424671916642352 
-0.1205367178597391 -0.4852534385737021 
0.4430129587999031 0.2318178559459028 
0.06529683562370013 -0.4957179876275739 
-0.2722698530542974 -0.4193675322647085 
-0.1721466788981207 -0.4694310609070807 
-0.09165029423390537 -0.491528456517869 
0.4842849963926018 0.1243705844201822 
-0.2823451395211447 -0.4126514536370681 
-0.08962756575661431 0.491901310687971 
-0.3549770392268753 0.3521239861493695 
0.4485651109635636 0.2208830940254278 
-0.4012850318641989 0.2982789352296752 
-0.2236349219347977 0.4471995323020999 
-0.3053815178187982 0.395906717011327 
-0.2060008118177809 0.4555915555960351 
-0.09641766134431348 -0.4906155669981266 
-0.4387766600198051 -0.2397395307867777 
0.3517203304329236 -0.3553769958229642 
0.4149736904013766 0.2789208423095385 
-0.2232918410882821 -0.4473709352465863 
-0.2620626123594306 0.4258206044842719 
0.4826952606933878 0.1304043147451127 
-0.3504345588048737 -0.3566449494879095 
-0.4313757345538773 0.252814112814342 
0.3235388844700097 -0.3812120016944663 
0.4946444768331949 0.07298521451920871 
-0.4524843606515949 0.2127390499314063 
0.2092111249734799 0.4541263097281756 
0.3522790424778372 0.3548231619143516 
-0.2794290088092733 0.4146316787654642 
-0.3543710930454988 0.3527337925599678 
-0.2972904808353828 0.4020178727428257 
0.4566728575293647 0.203592488063692 
0.3153458468379366 0.3880167481978898 
-0.3762767946056761 -0.3292655066071723 
0.4853031074547548 -0.1203365858530097 
0.4555752888999814 -0.2060367834725111 
0.3695390673916564 0.336809853880947 
0.490167655475805 0.09866949642798695 
-0.4758277420258288 0.1535837228309085 
-0.3653612765253283 0.3413372783857378 
0.40769461681403 0.2894565587801756 
-0.4056441572553385 -0.292323139153585 
0.4046552436331401 -0.2936905408762836 
-0.2606036654948797 -0.4267150448843267 
-0.1293156855915448 -0.4829880469121246 
0.4779120856788791 -0.1469695150773238 
0.160677689419636 -0.4734793344199586 
0.2793831930996647 -0.4146625512551568 
0.4796775747200725 -0.1411007594262668 
-0.4986448672075552 0.03678717721651869 
-0.2138323441655691 -0.4519687252329054 
-0.1949532173281908 -0.46042723969525 
0.2394038634681245 -0.4389598958407654 
0.3607729977050169 0.3461832522334606 
-0.4791600633202545 -0.1428482891704684 
-0.1268627173741958 -0.4836381404939388 
0.3030417536808489 -0.3977005098387928 
-0.4624050792376784 -0.1902144649998951 
0.3812262098709929 0.3235221428394009 
-0.4952120838704143 -0.06902892139329543 
0.498328398440585 -0.04085103802403973 
-0.005702172937233319 -0.4999674841665144 
0.04746137132265432 -0.49774232111824 
-0.4964756356531947 0.05926165035464549 
-0.3584931896227511 0.3485435883703877 
0.2079975110861441 -0.4546834452473164 
-0.1048854713794208 0.4888752784642691 
-0.4992866087588429 -0.02669985606879082 
0.0794291749730598 -0.4936506924568211 
-0.2608204724200652 0.4265825607858038 
0.4137519933736849 -0.2807299199930464 
-0.4418087830413727 -0.2341046757916237 
-0.09172534376252148 -0.4915144568694265 
0.1232727474010263 -0.4845656093329393 
-0.3526261160857561 -0.3544782394650972 
0.4794659125548251 -0.1418183299082625 
-0.4256303735529026 0.2623714639765853 
-0.3731417180398966 0.3328141497265918 
0.4644029392715074 -0.1852833235776619 
0.03670512087766514 0.4986509140685054 
-0.170126161818473 0.4701670863266746 
-0.1512416858509489 -0.476577331039741 
0.3201844459240411 -0.3840337492829436 
-0.4696531261558644 -0.1715399110761798 
0.4998323030536969 -0.01294869970450005 
0.3064393249843598 0.3950885218569756 
-0.2467747142015231 0.434858874154313 
0.3829360827731036 0.3214964331223454 
0.291745003422183 0.4060601593091723 
0.2755468161952347 -0.41722170615234 
-0.1346136415336021 -0.481538334416963 
-0.03923271465773527 -0.4984584176243638 
-0.1578124682237775 0.4744420142368499 
0.4439360224148662 0.2300452303406167 
0.1566598526850384 0.474823852135402 
-0.4841546005378422 0.124877230823087 
0.4730056263948355 0.1620668917417417 
0.4270532681928191 -0.2600490456160762 
-0.3070412177976541 -0.3946209454316048 
0.4876429208227666 -0.1104734437384887 
-0.4698827717519334 -0.1709098616543833 
-0.3508745835642483 -0.3562120528682534 
0.06029326942227946 -0.4963514094493663 
0.32164847340582 0.3828083849077831 
-0.481732023228027 -0.1339188478020613 
0.4869786215212253 -0.113365877499745 
0.4811743067356293 -0.1359091113115177 
-0.03683586740757761 -0.498641272732544 
0.05132407145027223 -0.4973588640908769 
0.4074247588934032 0.2898362741974378 
0.269061198724902 -0.4214333533795335 
0.2975133129313773 -0.401852993803202 
0.3716072947999872 -0.3345265586637859 
0.3133198023349429 0.3896545925108446 
-0.4773932016482091 0.1486463286464632 
-0.01042425338861933 0.499891323130628 
-0.25388675931197 0.4307452999697917 
0.4974031484748229 -0.05089310255165422 
-0.4583449344773568 0.1997997022994465 
0.4336780699217392 -0.2488439906225486 
0.48506567053363 -0.121290128492635 
0.3467832754851609 0.3601962796084698 
-0.4166874672365898 -0.2763540385953422 
-0.499724231371758 0.01660399289043825 
-0.3263782594637357 -0.3787838852821255 
-0.4048311359113455 -0.2934480386656721 
-0.2713610279095669 0.4199561792995351 
-0.21854094500563 0.4497108575029584 
0.2738228050198536 0.4183551977101028 
0.4859247593489775 0.1178012234725866 
-0.01676255685197363 0.4997189376917632 
0.4606303166042547 -0.194472906660707 
0.4595833803285748 -0.1969342949457017 
-0.3850883522925553 0.318915288013298 
0.1874524350275037 -0.463531643582463 
0.3275816634404607 0.3777436349928093 
0.4990465474667335 0.03086330282930332 
0.2324312634896394 0.442691436276567 
0.4719265637866227 -0.1651826818784303 
0.2474684326797357 0.4344644690041236 
0.4718679970558047 -0.1653499118673583 
0.3584294908925335 -0.3486090934822545 
-0.01095871926647203 0.499879892046118 
0.2781437241738264 0.4154949683241838 
-0.3514092191617481 0.3556846365646549 
0.4984169543153012 -0.03975600144706368 
-0.3542878968719904 -0.3528173551995733 
0.482614165141357 -0.1307041223715267 
-0.430676244101497 -0.2540038833691875 
0.4989710380702346 -0.03206092898080875 
0.4603520303132847 0.1951307463892778 
-0.4642373688058753 0.1856977797503184 
0.3993698763491333 -0.3008383317745229 
0.2967611733299609 -0.402408754879693 
0.1716847930026262 0.4696001829765885 
0.1185880574333883 -0.4857333349011322 
0.497290454953872 -0.05198272224278878 
0.4187867309138096 -0.2731623583338752 
0.1849214683682813 0.4645471456553347 
-0.1185937679691613 0.4857319406821799 
0.3758817757472643 0.3297163791216374 
-0.2224689077812155 0.44778073325081 
0.3548770012976431 -0.3522248059833273 
0.4990521101910746 -0.03077322397532512 
0.4902091516455188 -0.09846312834244435 
-0.05226014696590115 0.4972613769830735 
-0.3597255509531548 0.3472715479152435 
-0.2878194610363209 -0.4088519999324472 
0.4772641789954971 0.1490600665763778 
0.03282500326576576 0.4989213556870486 
-0.3470032123560277 -0.3599844032935282 
0.3636776092372648 -0.3431305823436134 
0.2715865381507153 -0.4198103765931829 
-0.1329691965875226 0.4819950132095444 
-0.4535237742653485 0.2105140997085785 
-0.4730387543651975 0.1619701727745645 
-0.4437832338591471 -0.2303398388154285 
-0.1280810392183951 -0.483316922311578 
0.3634334814023629 -0.3433891445514234 
-0.4790718168669614 -0.1431439634905666 
-0.3599856387123194 -0.3470019307163629 
0.1820187251037209 -0.4656921555186603 
0.4881937407172005 -0.1080132932770167 
-0.2519247855007074 -0.4318957078397777 
-0.0725932870352366 0.4947021474356259 
0.3144678123379368 -0.3887286907386591 
0.4989109066468663 0.03298343870493047 
-0.2934692041325553 -0.4048157929550236 
0.3834353676087231 -0.3209007928733791 
-0.3744077845666053 -0.3313892135479465 
0.4873429380937604 -0.1117893585729037 
-0.4930988984943878 0.08278572524065632 
0.342641483385378 0.3641384542498466 
0.3409565985630403 0.3657165540364857 
0.4985657897203077 0.0378438016135518 
0.2929542167687423 0.4051886312292248 
0.1139670230675288 -0.4868382869630585 
0.4163207257240936 -0.2769062175765724 
0.4779414739650519 0.1468739168951163 
-0.4954486116779565 -0.06731027548885399 
0.3569669615824886 -0.3501065385544322 
0.3614983728533647 -0.3454257176649846 
-0.2881089082954735 0.4086480844942142 
0.4856231386129178 -0.1190385115991408 
0.3697589915822892 -0.3365684003944051 
-0.353157081120356 -0.353949256327161 
0.4412982742012226 -0.235065593371345 
-0.389724756753391 -0.3132325238118005 
0.2723139604785448 -0.419338892697171 
0.4726316927597871 -0.1631541694196573 
-0.2721755778944339 0.4194287243356503 
-0.4483459850721788 0.2213275348203598 
-0.4353672681563446 -0.245876680102204 
-0.1173212335738258 -0.4860408708665515 
-0.1170717731772101 -0.4861010182309269 
-0.4194719267023005 0.27210899049583 
-0.2668980748271126 0.4228065960384027 
0.4371290451628842 0.242730710613604 
-0.3895872150882608 -0.313403576622497 
0.2140754240916277 0.4518536409059793 
-0.4445458260683117 0.2288646074106749 
0.4870015944912478 -0.113267148648592 
0.3093725732043356 0.3927958896792684 
-0.4973042939483541 -0.05185016123918013 
0.4179700525775365 0.2744103408188756 
-0.2747960094236455 -0.4177165943613442 
0.3035993489168264 0.3972750122236222 
-0.1574715101601236 -0.4745552902327506 
0.2736111066705988 -0.4184936825168215 
0.4999868513799826 0.003626078754135837 
0.3359962970967566 -0.3702789331534648 
-0.4874499323209859 -0.1113218912894774 
0.4784896632372882 0.1450780554565937 
-0.01752865697213337 -0.4996926517217892 
0.3991130832711356 0.3011789281503731 
0.3906409049733847 -0.3120892233986541 
-0.1235470253129959 0.484495750792832 
0.4330230673124117 -0.2499820457059878 
-0.4999842539972134 0.003968092091923653 
0.4854390749318441 -0.1197869130135481 
0.3426727172454758 0.3641090617598004 
0.4923323526665511 0.08722874823026333 
0.4135051747834386 0.2810933482445253 
0.2574182733310403 0.4286441794253898 
0.3384300065067557 -0.3680558798549988 
0.1170619109189541 -0.4861033933352069 
0.2984497411626637 0.4011580137551027 
0.408271336395462 0.288642539965722 
-0.1651562294445454 0.4719358217762884 
-0.4558528878055689 0.2054218700122346 
-0.08108741124021225 -0.4933810208534178 
0.4794282155248462 0.141945715534713 
-0.3824935421286311 -0.3220228101080623 
-0.4229422987581297 -0.2666829801865672 
0.2558624930815953 -0.4295746554838525 
-0.2429075696056231 0.4370307913960862 
-0.4802285879886972 -0.1392138760267169 
-0.3712193447052924 -0.3349570093557879 
0.4619183621099782 -0.1913933821887137 
0.4557827593823561 -0.2055774215467384 
0.490303310449738 0.09799318222217245 
0.2908764833316508 0.4066827651187247 
-0.3109327036421674 0.3915620689057766 
0.2941336188244073 -0.4043332960284848 
0.08634225618477928 -0.4924885935703709 
0.4666370853912979 -0.1795823781374849 
0.306939360563862 0.3947001760028079 
0.3122464939485149 -0.3905152071518599 
0.06333072572824459 0.4959730024696242 
0.1286918508284252 -0.4831546414248283 
0.4046376258667209 -0.2937148136082749 
-0.3436190918111728 -0.3632160785852752 
0.409359730139605 -0.2870968675204063 
-0.4890214236635415 0.1042019539072233 
0.4999895684080037 0.003229780670277633 
0.3713555061994915 0.3348060453685378 
-0.04149145661322762 -0.4982754850763909 
0.3662306834983859 0.3404042985396998 
-0.2914109836631181 0.4062999367468496 
-0.4854671618180646 0.1196730328700375 
0.1835762594344341 0.465080376894211 
0.4807255865148926 0.1374878557179235 
-0.4370763408415208 0.2428256005378897 
0.08101925255569258 -0.4933922179314515 
-0.2031498477132064 0.4568699370434665 
-0.3988637785622268 -0.3015090150411144 
-0.4959585562646771 -0.06344375830495176 
0.3432244717324069 -0.363589001489333 
0.1568275081282664 -0.4747685043200302 
-0.4396058187283549 0.2382157092640467 
-0.3836977765296071 -0.3205869870818772 
-0.3015405657128191 -0.3988399268247764 
-0.05696080678294985 -0.4967448706233769 
-0.4041976347039398 -0.2943200164782214 
-0.2307662407770423 -0.4435616553734466 
0.03875879849531039 -0.4984954919948624 
-0.3025975563063587 0.3980385897339855 
-0.3678663295405577 -0.3386360340990867 
0.4466113715427438 0.2248072125371188 
-0.4847307820035814 -0.1226216497124237 
0.4510238537143226 -0.2158181720353531 
-0.2678921424003038 0.4221774508902333 
0.2830962628131452 0.4121365137684728 
0.1427632614556668 -0.4791854037619895 
-0.05015922676760538 -0.4974776899219461 
0.4981703729248564 -0.04273499198443306 
0.491605814468928 -0.09123444075754451 
-0.4873838752993969 0.1116107436501612 
0.2516937528040799 -0.4320303864306292 
-0.4166925105830985 -0.276346434071356 
0.4501189906841609 -0.217699091007455 
-0.03304890005764883 -0.4989065746259309 
-0.3570888154532572 -0.3499822536617959 
0.006867995033082107 0.4999528284190675 
-0.4201398643687894 -0.2710765470640631 
0.01157465679002423 -0.4998660093667033 
-0.3738972209784397 0.3319651610404318 
0.3907670403631507 -0.3119312747478581 
0.2006129426047204 -0.4579895711252333 
0.4950046787072759 0.07050083728514543 
-0.1406066208109125 0.4798226528459617 
0.3867779834267138 -0.3168639953298018 
-0.4213538438461721 -0.2691856947834627 
-0.08965630657242335 0.4918960730599418 
-0.3678977756196463 -0.3386018704823062 
-0.1232457533097645 -0.4845724757877904 
-0.4609351998757003 -0.1937491716512571 
0.477613913376378 0.1479356270453524 
0.460332984482566 0.1951756731700281 
-0.2873219222699319 0.4092017998287779 
0.06914725108379441 -0.4951955751696038 
-0.3533574593078393 0.3537492133581484 
0.3997891399186454 -0.3002809411253231 
-0.2188283789005294 -0.4495710628896908 
0.286331011791813 -0.4098957814936336 
-0.08422760580671938 0.4928546544571411 
-0.3529831346380897 0.354122728246957 
-0.03979178932157049 0.4984140984187624 
-0.4909399418440436 -0.09475216885204824 
0.04481166980080272 0.497987865564678 
0.3775027685022362 0.3278592072416864 
-0.09376573152537968 0.491129298241828 
0.1268297933090644 0.4836467755802575 
-0.3022902460277329 -0.3982720265804425 
-0.175540690677131 0.4681724745396678 
-0.4543352410198979 -0.2087570089060279 
0.2450006698374871 0.4358608399239173 
0.4186976931487312 -0.2732988140331584 
0.07671563343365237 0.4940796611750715 
0.1045812101284121 0.4889404569966336 
0.363769355204465 -0.3430333164783382 
-0.3829990540654258 0.3214214127667741 
0.1476320361295455 -0.4777078415812792 
-0.1533314158852943 0.475909105715168 
-0.1590363368211681 0.4740331671629148 
0.3599323234486549 -0.347057232364999 
0.2480638030091242 -0.4341248088242026 
-0.2231257857831219 -0.4474537783041555 
-0.3946578509934577 0.3069937794959789 
-0.4398006906991876 0.2378557387588483 
0.2202624862224952 -0.4488701785183386 
-0.3133346506287514 -0.3896426525874168 
-0.228013046988611 0.444983202382932 
-0.3335167267296024 0.372513882951457 
0.3197047955285465 0.384433145964354 
0.2974832764852396 -0.4018752296566765 
-0.3391991652832962 0.3673471468122695 
-0.3007890214630171 -0.3994070161718752 
0.4662841627606213 0.1804967577510088 
-0.272303566992273 -0.4193456419271395 
0.3975528336097706 -0.3032354604739393 
0.3806155421768361 0.3242403569166446 
-0.3068326904164079 -0.3947831051246098 
-0.4419926515892966 -0.2337573441435856 
0.01047083422122255 -0.4998903496075031 
-0.4054881277994617 0.292539532736496 
-0.4219835831768537 0.2681974189458642 
-0.05253861881989905 0.4972320318850118 
-0.3828484809439863 0.3216007472610755 
0.4969836509479087 0.05483840525113138 
0.4208230037214727 -0.270014813554437 
-0.4907357715838438 -0.09580397949985901 
0.4349081021453797 -0.2466879459728503 
0.458004262458411 0.2005793996648881 
0.2829171227429275 -0.4122595076633932 
-0.1190607842952073 -0.4856176784704302 
0.4488040331805109 0.2203972318358534 
-0.2709055107871409 0.4202501686200236 
-0.2696467149504456 0.4210589615676564 
-0.4503582066883307 0.2172037883382122 
-0.4953437456828326 -0.06807770275869506 
-0.1051427331623896 0.488820013566489 
0.4940569899597252 -0.07686150318550912 
0.4646193867124339 -0.1847398860315819 
-0.04637513442742464 0.4978447015956264 
-0.269969501485282 -0.4208520740922971 
0.1745402358376144 -0.468546375584904 
-0.08366423695194276 0.4929506014351226 
-0.2120615370141648 -0.4528022797195151 
-0.4971848272471117 0.0529834649231225 
0.2696314485983862 0.4210687377694239 
0.1804793164788573 -0.4662909138331182 
-0.2123816883050558 -0.4526522047584593 
0.215244371979115 0.4512979728863363 
0.4432739906041382 0.2313183288325469 
-0.02066458421530806 0.4995727924529201 
-0.4131148675366548 0.2816666579845264 
0.1320743481010432 0.4822409839216121 
-0.1003899513184181 0.4898181883865539 
0.3580371339412797 -0.3490120495328407 
0.2635394630398901 -0.4249081682206715 
-0.3486054945791358 0.3584329911562776 
0.213458083341895 0.4521456033801552 
-0.3087184586053377 -0.3933101998630907 
-0.3051101602016633 -0.3961158796889053 
-0.3590400501039286 -0.347980232802624 
-0.4060635004720389 -0.29174035302713 
-0.4954639141250031 -0.06719754310933916 
-0.04086428884511074 0.4983273120120785 
0.483288443020002 0.1281884583076899 
0.3081881863252033 0.3937258460014809 
-0.4933856141600814 -0.0810594580532043 
0.3147015113635165 0.3885395201849079 
-0.4993852961649128 0.02478560013964275 
-0.4976429465419689 -0.04849224429769278 
-0.4842437122401049 0.1245312296410922 
0.4509942620961004 -0.2158800026783255 
0.429278077180379 0.2563597715171329 
0.4943135142239234 0.07519407992385467 
-0.263245792450688 -0.4250901701486514 
0.1376271342285915 0.4806857309344904 
0.4940377696254273 0.07698494777249189 
-0.4208187725752337 0.2700214077592251 
-0.4662314093260806 -0.1806329785997474 
-0.4994040585508127 -0.02440463691548143 
0.3730005656011303 0.3329723382823819 
0.3640122541454459 -0.3427755516835344 
-0.4004846584781974 -0.299352698874758 
-0.02005024973922406 -0.4995978257412604 
0.2420253764670569 -0.4375199619971407 
-0.4718560584660207 -0.1653839777273216 
-0.375380680538166 0.3302867612828333 
-0.415048312766774 0.2788097883314969 
0.01009054424989732 -0.4998981705475034 
-0.4394477203140673 -0.2385072349233231 
0.3704323971230933 -0.3358270971223717 
0.3589989718836434 -0.3480226116023024 
-0.4596953502641499 -0.1966727864894393 
0.4404120753590235 -0.2367217858118637 
-0.119343271968287 0.4855483327495869 
-0.4958139078822187 -0.06456445423422041 
0.01272227634894703 -0.4998381174785503 
-0.2649819776335301 -0.4240100842308157 
0.3605294131652622 -0.3464369239020454 
-0.4868257525252885 -0.1140205537532009 
-0.4067664208754209 0.2907594862565964 
0.076497635035051 -0.4941134604866014 
-0.2468581232501652 0.4348115304191073 
-0.176452390935408 -0.467829620410228 
0.4483215479709035 0.2213770304818747 
0.4942639894070843 0.07551892991425208 
-0.118231897275315 0.485820150330016 
-0.346068870170202 0.3608827193135186 
-0.3187608090448982 -0.385216233584518 
-0.09841559665665819 -0.4902186964352889 
0.1249261898585243 0.4841419699710323 
-0.00714932940730396 -0.4999488844762291 
-0.3487586987854935 0.3582839237552383 
0.4946283652985098 0.07309432428119106 
0.494714195989505 0.0725111321553986 
0.4659661538039706 0.1813161424394817 
0.3294533716795974 -0.3761123181829398 
0.2720187961527311 -0.419530421470981 
0.01751587927081062 -0.4996930997856289 
0.4308260426629971 -0.2537497211098793 
-0.1291233675965727 0.4830394972882863 
0.337774972938217 -0.3686571139373101 
-0.4990876483496591 -0.03019137732543838 
0.4511966361432623 0.2154567138267095 
0.1779853206004167 0.4672485694475339 
